180
20
66
160
6
11
1728
97
23
27201
200
89
314
500
9
12
45
7
36
40
1500
27
5
1600000
130
180
96
72
5
54
14
8
140
91
585
770
120
4
350
13
45
1700
4608
10
50
9
655502
720
104
36
6
9200
192
2400
3
24
81
74
100
64
20
20
5
225
1000
12
135
17
320
60
5
450
75
157
9
18
117
990
420
1500
130
1200
270
72
7
600
84
24
22
10000
3
22
16320
45
24
1400
108
160
21600
92
34
2
175000
88
13
60000
8
1
5
4
30
168
72600
440
360
16
124
60
3
10
5
6
5
25
110
20
15
6
13
25
32
1400
64
50
38
170
121
5
25
22
3400
6
41
180
13
115
4680
5
180
139
27
340
10
4
10
5
18
40
648
30
3
48
27
15
2000
4
150
96
6
2,317
64
70
900
495
143
5
162
25
36
1500
24
4
180
2,000
20
112000
12
2913
7
33
28
245
45
65
476
80
3
10
1840
79
700
20
35
4
27
720
180
10
36
10
148
10
14
28
20
260
13
3
32
900
68
69
7
39
307
310
33
72
35
25
3
60
12
8
120
39
2
100
38
120
5
118
50
46166
4
254
960000
2
130
3
50
18
7200
150
36
7
10
12
4
22
21
30
32
77
28
10
4
19
4100
42
95
90
24
10
77
17
21
200
21
360000
3,380
6
35
30
30
1900
5000
210
11
20
111
120
600
320
13
18
800
22
36
18
170
17
2
68
174,000
32
16
28
15
4
100,000
1
264
18
245
36,000
4000
3
65
7500
16
900
180
19
248
8
38
54
1
200
12
2
4000
87
22000
5
46
21
4
184
140
67
21
2
63
42
51
21
17
15
300
11
186
270
73
5
8
12
2
650
44
36
23
840
4
13
21
50
51
10
68
33
40
29
28
102
320
144
160
27
160
53
112
3
140000
82
574
6
70
3
49
2
35
14
750
1423
1260
15
99
300
3000
45
150,000
15
14
14
720
55
10200
775
54
3
65
69
26
101
60
45
1
10
34
2750
45
10
80
175
60
220
1340
64
3275
1
10
6
344
11
180
30
69
1500
42
800
476
900
12
3
36
24
96
67
19
4
3
200
42
1020
75
47,000
10
97
120
10
33
160
4800
25000
8500
18
330
45
5
3000
20
600
184
1260
27
4800
11
32
6
18
300
41
250
75
52
160
8
480
30
70
16
48
35
270
400
18
28
32
10
10
23
468
72000
5
20
26
150
224
76
18
558
108
30
8
21
6
144
3
54
477
57
33
144
5217
18
80
192
250
983
4840
12
9
2
28
25
19
54
5
10
10
26
245
300
75
11
64
16
2
4
740
6
210
6
55
28
44
77
285
35
112
17
70
1000
10
8
308
4
154
1820
92000
165
32
48
300
19
106000
16
680
100
46
2500
171
5
300
673
6
179
570
17
4000
1000
55
23
10
17
10
4
21
49
360
48
1900
1316
5
360
99
324
60
50
14
50
40
7
200
75
2
5
36
23
26
71
30
15
135
37
480
192
12
96
28
23
220
91
35
10
4800
2400
10
160
24
64
15
16
27
7
26
150
30
126
850
30
55
22
8
2000
22
12
6
40
42
20
570
14
30
36
70
256
5
18
310
2
90
18
32
20
75
720
68
114
80
3
255
3
8
12
6
28
12
480
5
12
3285
320
375
130
135
24
2
299
38
70
80
38
26
1065
5
5
30
130
6
120
3
50
20
52
8
79
1250
1075
290
170
115
40
100
273
81
16
42
140
420
48
150
9
18000
40
3
12
4
5400
5
20
108
540
3
10
85
60
12
65
1280
900
40
48
28
10
29
86
42
240
10
8
5
250
125
3
8
25
4
9
840
1200
5
255
18
32
35
35
36
46
40
135
96
660
7
120
90
24
148
12
2175
65
54
4
65
1
240
370
4
30
39
480
12
32
36
1920
7
40
92
2
12
65
62
98
7425
15
72
210
3
90
2
256
14
1600
6
6
500
18
10
2
110
41
860
480
7
245
6230
152
4
7
21
54
1200
26
1040
140
16
63
48
11
12
12
600
51
1008
347
4
50
300
4
10
168
6
32
132
23
5
6384
19
100
208
40
18
72
1110
35
1825
56
8
31
90
19
12
299
7
37
14400
24
836
36
6
13
135
240
16
19
27
63
728
72
11
15
120
2
44
13
84
135
13
200
100
55
565
340
20
300
30
26
6
48
58
240
5
300
135
6
54
275
4
125
445000
37
26
80
3
360
295
216
81
2
2600
45
150
100
15
8
20
10
27
2
90
17
1200
10
144000
57600
20
6
27
28,980
20
90
17
160
36
146
80
22
1750
28
140
10
15
2
52
54
2
17
25
300
66
20
10,000
90,000
30
50
5
14
32
60
45
4
560
1100
16
40
13
5
22
480
110
24
30
750
120
6
15
8
36
1800
800
30
12
8
30
44
38
195
1200
50
30000
11
18
70
12
33
2
52
45
54
550
1500
8900
168
35
7
54
40
248
20
1080
55
30
40
28
510
1050
56
325
39
22
34
25
80
60
180
12
55
960
2000
304
8
400
40
4500
12
760
80
810
21
245
36
180
110
22
3
6
1,250
80
221
27
43
56
14
111
375
211
17600
50
10
24
8
2
249
72
69000
8
15
5
12
11
9
100
2
16
11
39
565
3
225
74
32
7
300
4
15
180
20
10
42
29
140
375
50
51
46000
72
10
90
20
9
2250
120
2500
207
72
3
100
130
30
999,000
85
38400
20
448
120
120
5
140
144
22
3
100
7
90
285,000
9
3600
322
16
42
36
6
90
11
8
2250
250
76
450
50
900
29
135
40
27
49
80
315
200
26
22
60
1800
121
14
4
390
78
46
2
23
2
4
3450
750
6
180
6
1900
120
350
554
22
16
2
200
75
30
84
14000
1800
12000
300
17
7
66
15
14
11
2
30
75
106
4000
126
114
10
46
19
11
80
200
21
150
127
6
380
7
236
45
40
19
25
40
3
30
37
28
1000
10
58
9400
60
92
445
62400
12
240
24
10
2
9500
5
5
110
22
41
240
35
600000
484
11
30
34
260
20
5
12000
180
48
99000
14
42
273
172
156
920
2
5
1600
80
288
4
20
15
20
110
7
15
3
21
9
300
1000
24
20
7
62
22
5
24
16
275
5
65
30
3
213
15
330
32
50
120
2
6
874
200
7
30
11
9
24
2050
30
200
8
1
59
15
252
19
2625
121
9
112
8
12
12
4
84
100
49
38
250
100
29
265000
4
6
4
72
6
66
42
30
520
40
36
21
52
75
6
3,400
6
136
32
59
28
5
300
126
28
155
625
115
25600
9
4
40
66
1800
40
26
2
20
4
31
14
10
12
5
2700
15
180
11000
10
150
72
14
78
210
8
190
21
30
800
200
65
66
30
5
56
4
1000
4
201
14
800
210
310
4
109
6
35
220
10
6
1000
5
36
95
3
160
9
4
4
4
9
9
1
108
83
125
38
6000
18
2
80
36
33
1
48
20
52
9
35
177
6
6
10
56
196
120
32
45
30
13
2
95
10
5
12
9
112
100
20
3,888
90000
550
22
118
7200
14
28
5
30
26
25
30
190
3
16
110
1825
375000
105
12
45
349
58
78
6
60
400
15
75
12
4
9
22
39
1000
201
144
125
371
50
3
700
40
24000
5
105
2100
10
4200
214
24
94
4
35
5
24
800
300
12
17
760
3
60
17
26
455,000
6
237600
12
900
195
96
54
700
4
35
9
16000
52
115
171
120000
150
2
1400
90
1000
20
21
18
150
14
14
5
160
24
9
480
109
22
1,600
9
18
370000
6400
128
2700
150
10
6
54
6
20000
20000
14
102
20
7
265
216
46
25
210
266
45
8
396
22
4
5000
21
215
252
720
34
48
22
120
2
22
1300
7
300
50
68
18
2
93
3600
480
45
800
32
85
37500
14
5
160
5
107
19
180
24
13
700
110
4
35
3
60
26
39
50
5
320
96
75
200
168
28
92
15
226
154
100
2100
288
43
168
114
23
53
12
28
30
194
144
34
96
480
54
525
47
25
57
18
48
3
1
196
600
80
129
90
18
26
105
2
9
38000
150
33
7
35
294
82
48
10
48
300
4
18
260
10
8
5
6
14000
27
24
2
670
7
160
9
94
21
40
24
75
140
20
9
300
32
20
36
5
370
580
6
19
520
21
4
1886
345
30
65
2520
135
7
60
57600
10
36
36
20
45
150
760
450
50
4
105
14
20
58
216000
349
19
140
33
90
165
168
16
50000
88
5
15
17
4
14000
10
120
61
75
30
12
49
25
15
9975
105
105
1000
2160
6
3
97
6
4
280
108
17
4
12
97
920
12
2160
2
224
67
14
82
16
9
72
44
19
34
38
30
5
45
150
1920
99
325
14
120
32
8
18
12
42
240
148
15
12
60
266
50
50
21
66
300
6
30
1600
413
90
60
25
198
15
18
5
2
84
6
21
245
163
168
14
6
21000
11
55
12
33
7
135
120
75
48
15
10
240
53
32
80
84
10
3
360
6
34
250
20
9
270
72
480
65
18
18000
80
900000
32
24
20
2
21
1250
78
155
47
8
2
2
28
600
23
25
8
12
12
294
20
8
4
250
5
36
300
10
28
7
430
1500
200
175
5
99
465
22
27
49
12
41
26
56
21
6
16800
26
70
175
20
396
45
6
25
32
84
70
15
2
32
45
54
18
36
25200
1,080
420
10
4
5
45
5
13
3600
4
15
27
6
24
360
27
175
16
87
9
3
225
540
138
6
45
5
15
25
16
5
14
12
100
18
56
108
7
4
120
10
26
43
38
9
2
600
15
78400
185
50
15
300
53
40
3000
15
60
12
79
30
308
580
145
11,800
180
45
10
15
125
3
56
10
3
190
32
2080
6
5
11
61
15
120
78
135
30
120
39
150
1
84
20
68
60
26
8
20
8
250
31
44
52
90
14
14
20
100
7
200
820
10
67
3
1480
25
3564
92
22
119
7800
640
50
30
14
26
25
450
250
2
780
15
1000
56
21
1000
5
36
10
50
5440000
4380
354
28,800
7
84
5
1955
97
54
46
3
75
60
16000
1750
660
50
720
5
27
520
20
12
80
45
180
39
30
3
22
45
96
200
12000
2
30
20
7
12
22000
40
12
48
60
36
750
70
81
21
5
9144
7
104
132
114
9
8
96
720
75
9
11
50
30
54
670
10
27
240
30
50
25
70
58000
4
19
27
30
44
4
69
340
12
44
76
4
3
35
32
20
96
20
30
16
144
19
7
80
572
13600
100
6
960
10
14600
4
3
168000
90
52
30
42
405
80
15
140
10
13
620
78
4
36
504
84
9
144000
175
30
1450
450
36
10
15
5
410
12
29
26
5
375
10
336
10
576
975
2
10
30
120
40
130
135
20
80
8
40
780
13
29
2210
61
260
72
2600
150
16
72
624
8
81
54
520,000
28
14400
223
384
1000
140
200
14
6
15
480
100
5
45
27,000
6
75
100
3400
30
50
8
15
72
300
14
25
4
14
80
41
8
12
687
1620000
52
100
95
725
2
32
30
25
90
378
6
6
23
20655
60
54
60
5
26
11
12
4
13
20
14
120
8
102
4
49
28
4
20
100
304
19
50
49
14
4
150
10
4160
97
67
1
2
65
5000
154
8
295
140
2
11
50
600
11
450
6
26
250
867
200
1600
53
18
1068
21
89
48
20
770
12
16
15
17
130
14
96
220
10
7
284
50
426
45
6
980
179
340
113
540
16
56
96
1000
150
10
8
30
4
8
2000
45
40
270
9
21
65
450
5
80
6
17
6
40
30
13
5
64
1200
65
134
9
86
100
1
95
868
2920
136
48
180
22
15
41
1
5
73
230
68
42000
900
25
24
282
78
58
52
6
50
3
56
10
3750
32
14
5
16
2
112
40
3
537
400
2
17
78
50
2
60
10
11
28
49
96
680
3
21
1530
40
26
85
66
210
11
22
160
504
60
10
2
4
15
1525
72
980
40
5
33
15
22
10
325
64
24
1600000
315
6
48
95
200
16
6
10
36
1035
30
1940
180
13
4
90
15
96
2340
5
30
3
8
3
305
468
8960
5
60
4
12
10
500
45
32
48
5
276
13
50
30
145
20
4
44
93
28
5
150
1040
120
42000
840
75
42
573
80
5
5
75
4400
10
342
26
480
551
1104
97
6
4
90
200
320
40
200
3
21
6
96
36
660
426000
4
750
131
12
9
25
20
1800
1900
18
9
100
44
144
10
39
50
20
9
6
50
2040
55
65
45
21
6
2100
36
3982
16
24
28125
5
7
70
2340
270
828
50
32
54
5040
24
50
105
2,950
9
96
42
6
4
36
18300
5
95
1
250
1800
25
525
11
80
220
47
50
442
78
150
1
150
16
1740
114
15
94
567
27
812
36
10
520
36
60
24
14
216
188
30
50
110
22
12
80
18
90
96
71
228
12000
1800
240
8
64
3
80
50
94
3
19
12
145
5
526
65
240
2
28
44
1600
96
25
20
10
10
38
10
160
160
45
36
3
35
44
20
12
85
107
3
23
29
66
20
25
35
14
10
72
2240
75
296
47
247
194
135000
204
50
752
20
1920
20000
11200
35
306
210
30
3
16
255
25
29
86
43
400
6
58
260
1450
40
30
17
350
2
225
205
2
12
32
96
6
167
1600
71
2000
6
61
3
54
16
36
84
108
6
4
1890
80
1
88
5
10
2
4
500
600
2412
255
80
121
23
75
600
42
2016
150
5
900
800
66
140
16
23
153
43
2
80
32
1
101
1860
77
78
5
3
585
2800
196
15
142
2
2400
38
5
3
16
3,472
245
135
130
26
8
42
9
4
7
1600
20
1152
16
9
80
270000
52
25
225
6
80
11
60
5
450
180
1
1350
3061
14
7
22
26
184
5
19
90
78
1
4
50
113
70
80
60
320
20
45
60
14
180
80
90
48
37
15
65
11
75
84000
42
40
60000
300
278
14
56000
6
4
6
5
20
5
220
480
195
632
3
18
24
90
10
180
100
16,800,000
7
21
258
12
20
68
400
2
91
26
23
36
51
20
472
360
140000
25
60
14
30
22
5
4
54
8
600
90
100
35
112
1,200
60
39
15
3
126
80
90
67
83
354
204
3600
79
21
18
190
25
3760
23
90
4000
25
12
480
12
1290
48
275
190
130
8798
18
13
30
736
30
18
78
4
80
38
900
20
300
12
1588
7200
2,000
45
24
150
250
1550
3
11
20
95
3500
600
236
3200
2220
40
540
6
810
17
35
7875
8000
22
9
3
50
160
525
64
32
24
10
1
640
36
20
60
4
220
295
10
80
270
110
203
28
66
54
100
58
2
6
114
7
115
25
9
98
160
15
3
32
15
9
99000
16
3
72
120
800
16
775
35
25
24
5
6
12
19
150
10
20
1172
350
31
10
25
66
38
4
570
237
400
817
200
80
70
12
30
16
1700
28
105
72
14
1800
3000
14
7
2020
50
23
20
357
2
5
140
50
110
7
60
29
450
48
60
180
300
9
56
700
850
1800
120
6
12
40
10
3
40
3
15
2,520,000
64
2
25
2
24
18
8
22
500
62
600
290
60
22
11
6
8
15890
51
70
350
120
20
1
1800
10
48
1
3
1
97
210
15
24
62
5
66
195
165
10
32
108
6
100
17
205
6
5
61
135
270
4
3
3
27
80
4
12834
21
1000
145
175
768000
5
22
15
2
2
28
800
67
13
75
22
8
39
2800
36
90
55
34
8
1660
720
5
240
80
24
33
2200
730
3,890
10
188
22
17
35
4
100
8
7
864
4
14
26
100
45
57
5
75
13
19
8
48
600
24
39
3
18
5
125
17
15
490
10
21600
4
27
8
10
1400
216
6
20
56
140
1140
14
63
51
15
35
35
8
150
4
11
384
15
15
706
240
67
121
50
10
20
2
90
8
100
199
16
36
7
400
40
1320
7
11
112
3700
37
8
196
13600
4
24
34
20
210
161
24
35
58
5
235
80
175
9
65
113
60
34560
13
3
3440
750
30
150
14
56
4
21
45
240
19
768
5
128
41
80
22
60
11
15
44
2
12
84
150
42
3000
11
2888
9
294
200
3
288
8
300
200
2100
1
60
4,582
45
800
48
45
11
270
55
170
504
32
150
2
45
48
900
400
20
7000
1080
4
1500
52
6
210
270
1512
96
1234
64
2
14400
33
16
22
23
375
25
12
48
18
70
280
47
14400
8
30
86,400
2
200
17
24
1
210
20
10080
24
102
1035
35
2100
14
9
5
4
38
110
58
20
15
15
8
45500
99
24
10
20
5
135
1860000
2950
77
57
2
10
50
8
5
525
2
4
40
147700
6
84
52
24
15
27
2500
6284
30
160
16800
32
40,000
25
11000
625
46
80
280
60
66
120
3300
53
20
9
1280
45
55
115
3000
2
42
210
22
78
12690
64
130
78
40
14
7
3
6
250
63
33
140
16
8
160
10
3
17
14
8
3
20
9
1800
2160
480
32
136
95
160
350
240
280
100
18
20
20
230
45
50
2
15
475
41
240
118
11
4
1250
27
12
9
20,000
300
10
27
3500
22
5
177
12
1200
38
63
8
360
22
36
6
40
64
9
66
5
24
1920
6
31
10
20
320
21
100
110
2
70
23
22
100
1440
9
2800
34
9
25600000
205
72000
54
1
12
5
330
600
270
30
15
260
1260
50
72
60
12
-47
150
20
960
18
240
3200
1440
890
16000
7
56
20
49
700
30
55
270
10
4
48
75
18
38
75
1680000
16
44
800
110
120
9
116
1400
14
19
121
135
24
3
55
12
35
200
30
24
11
48
270
160
13
12
16
8
18
9
24
220
50
11
14
305
8000
36
920
36
9
30
66
900
720
11
950
80
20
108
600
15
12
1220
108
1330
40
5
10
20
53
15
1125
16
2802
15
8
1200
9
330
1350
5
40
24
450
90
1
36
450
9,050
134
40
6
286
5122
310
4
183
20
70
6000
9
120
10
24
62
3
600
42
100
1944
1600
220
230
90
15
4
100
65
40
2000
15
900
250
5
142
36
200
3
35
13
17
10800
7
18
140
65
5
38
65
885,000
160
124
83
144
32000
34
12
240
50
1
208
45
9
297
6
27
1591
88
9
825
32
2900
99
7
76
190
364000
60
10
18
2
20
3
24
6
960
360
90
872
82
28
13
6
768
410
150
16
297
44
3020
280
180
9
420
12
96
40
36
4
25
64
17
27
21
46
66
17
8
26
7100
2800
14
10
13
21
80
231
36
16
4
40
21
9
50
20
8
112
150
20
675
92
35
3
16
7
8
15
50
54
21
120
280
480
32
13
15
500
900
23
1300
11
900
470
730
7
70
16
160
15
4
12423
40
36000
48
50
50
680
15
6
74
48
6
400
34
75
42
6
8
11
2290
6
360
22
17
8
30
30
8
12
2
46
7
6
70
1750
20
10
2
24000
19
166
400
32
10
5
936
4
1990
148
49
59
3
33
10
25
10
1640
5
88
400
7
5
160
14
220000
6
136
70
2
36
240
15
5
13375
10
5
9080
1250
160
3
32
25
720
300
110
124
350
437
96
30
10
84
17
7
96
33
33
7
50
1600
36
8
100
33
80
35
315
210
48
6
5
14
4
20
6
87
300
44
11
360
3
250
24
3320
20
2000
1390
46
6
4
5
4
1150
1050
2
63
100
72
30
2000
363
283
1,200
210
6
70
72
54
11
6
57
55,000
52
27
72
630
200
75
10
41
34
15000
45
10
530
24
62
10
640
14000
80
99
46
7
15
10
7
8
39
1300
4
3
812
180
45
180
60
59
108
25
10
159
4
105
4
11
5
20
5
690
200
10
2
14
2
640
6
9
175
8
1568
407
4
2
112
220
6
11026
10
40
70
8
10
26
27
41
375
38000
320
3
310
16
94
109,200,000
87
25
100
28
27
6
320
432
6
232
10
60
56
30
265
40
1152
2
6
8
17
931
13
588
64
742
32
76
6
259200
14
40
60
16
2
9
21
3
27
10
11
13
510
16
3
40
6
23
15
2
36000
220
14
44
55
4
50
9
10
2
30
2460
44
64
220
80
6
162
16
80
73
64
80
65
300
2
63
6
15,620
8
7
16
4
54
448000
5
14
150
200
16
24
1
88
14
5
10
40
7
36
355
322
40
39
350
140
83
40,000
54
3
12
50
180
30
72
16
5
16
300
2
270
80
48
638
75
15525
75
5
45
12
9500
4
12000
171
9
400
436
32
48
240
600
15
13
9900
110
40
36
11
30
156
18
600
100
10
39
240
1350
4
10
50
50
15
10
15
32
64
18
41
800
67,500
8
40
5
20
840
7
1
24
220
4
27
48
2
69
12
26
14
200
275
30
31
178
158000
840
9
20
750
5
1200
55
200,000
230
7
36
600
15
4
156
195
85
2
50
3
7
5
180
78
100,000
21
16
16
2
75
1140
7
360
100
128
420
9
2100
3
70
40
375
200
19
5
48
53
40
6
22
918
18
235
22
40
20
12
3
78
9
52
12
32
30
66
52
5
4
64
128
30
6
6
59
224
12,200
90
17
-7
450
82
17
77
20
14
124
2
30
14
60
60
24
6
20
10
51
6
10
25
780
40
5
2400
10800
450
60
5
25
9,492
8
160
12
450
20
26
7
16
114
400
360
3
250000
35
1900
16
1500
4
142
1120
42
20
333200
80
12
27
7
10
56
112
40
23
45
20
12
420
20
45
8
91
4914
4
11
160
56
20
206
7
1
10
209
14
131
22
60
1
40
10
80
24
50
22
2
23
100
129
65
20
83
392
120
1
36
30
1500
500
3
17
42
75
680
5
140
6
1685
5
150
1080
25
9
1
20
130
19
5
3360
110
25
3
180
37
62
60
100
9
20
6
350
19
8
28
21
240
6
810
105
35
13
17
28
15
277
22
5500
163
4
6,000
5120
4
1750
180
4
225
14
216
30
2
3
56
40
370
75
50
18
260
90
99
6
4
1600
6000
10
11
25
800
3
49
18
1260
120
10
85
2
8
117
355
94000
3
25332
730
16
88
30
6
15
260
88
83
90
1200
400
25
45000
10,100
55
24
10
10
7200
76
1200
24
59
52
7
12
37
20
60,000
5
8
52
6
21
7
2
450
360
132
9
8
12
30
10
6
96
10
740
3
363
2
130
320
72
11
30
20
24000
480
36
50
200
30
100
600
22
21
255
8
9
150
8
20
23
180
34
18
220
5
0
20
3
88
153
28
8
9
525
5
2350
3
27,200
5
6
4
12100
30
61
700
307
360
106000
280
38
10
280
32000
170
12
3
5
24
53
8
32
250
2000
6
11
307
25
78
32
274
6
1500
10
79
150
70
18
83
5
780
60
4
29
35
6
365
450
253
640
35
30
8
390
4
9
21
200
30
338
1045
2
660
4
3,285
39
2
1036
4800
50
6,600
342
37
4
60
216
19
23
2
130
2400
30
24
8
18
1800
165
1140
25
25
55
53
3
3
15
5
5
26
90
1
28
168
15
34
8
27
480
23
61
15
36
90
65
71
190
45
43
7
600
7
31
1100
240
35
10
5100
26
1320
70
26400
36
40
60
15
392
90
55
216
160
85
345
40
40
546
212
123
49
480
120
140
300
10400
360
4
9
11
4248
27048
9,000
24
168
21
675
14
18
21
100
2
832
6
300
15
50
20
1172
18
6
1
88
56
14
34
41
24
12
160
40
50
650
8
60
84
1000
40
12
60
38
1640
9220
4
42
11
100
34
3520
50
15
160
2
595
35
50
40
10
10
20
10
10
10
100
8
256
7
52
3
31
3
20000
7
100
200
6
3
17
8
16
22
540
43
12
28
33
280
8000
110
150
41
14
2200
10
4000
48
90
200
240
290
4
4
3200
15
30
1440
3
9
14
36
250
4
12
22
3030
5
960
132,000
4
110
27
30
45
38
230
30
2600
44
50
72
88
264
6
80
76
4
17
138
90
45
2
43
350
120
8
7
45
57
2
5
65
119
7
180
15
2
18
30
10850
8
80
45
20
24
6
21
32
14
3
34
28
20
280
84
34
2000
50
34
108
81
43
95
15
3
130
4
20
420
28
40
10
60
5
4
660
40
600
33
8
91
45
92
60
7
35
28
143
11
198
185
301
5
200
96
40
21
35
3
11250
500
2500
132
35
3450
500
20
20000
5
225
2
90
2
150
1344
4
2
100
3
14
1,200
6
5,000
28000
324
6
4
150
48
482000
44
8
1360
3
5
54
165
240
35
6
79
192
4
49
3
160
26
100000
22
3
8000
90
12
25
72
98
9
32
8
198
72
43
30
24
10
100
71
96
55
20
3
380
50
480
10
21
5
18
15
55
80
291
36
9
55
28
27
120
20
62
4
66
2240
122
36
55
30
22
31
88
36
40
24
6
60
13
1650
30
14
104
18
84
210
77
10
7800
9
4
1600
33
700
116
96
6657
364
205
150
48
6
5
7
25
7
30
40
96
90
20
1900
605
280
10
420
4
14
30
432
3
859
1400
296
50
22
1400
232
1104
16
60
2
16
220
3000
12
40
16
153
25
33
4
540
90
30
23
69
200
108
7
204
9
20
70
7000
160
45
600
106
80
25
125
810
300
52
40
85
39
49
22
25
10
6
48
5844
1000
17
160
55
9
90000
14
4
140
8
640
40
6
34
47
100
16
200
9
56000
2
60
15
68
100
2
550
356
5
664
15
2
80
200
8
14
201
7
8800
50
2
20
80
23
25
14400
30
100
25
51
344
96
28
20
500
7
6
1
6
24
10
57
23248
60
1200
22
6
33
14
42
50
7
2240
26
180
4
126
23
5
30
5
160
2800
12
40
81
41
18
600000
50
400
5
140
6
18
13
370
104
71
10
3
1100
30
14
44
370
9
16
21
83
28
13140
16
300
6
4
360
16
250
3
95
1530
10
6
4
136
40
1700
10
3
18
13
16
1350
135
50
12
132
600
15
32
55
60
60
80
4830
1490
9
4
10
14
10
50
40
6
45
196
110
750
200
140
120
6
11000
18
2400
25
10
24
112
10,000
2
48000
21
800
4
46
32139
96000
1
29
1979
21
2
108000
60
5
150
45
8
21
9
95
5
32
27
75
44
2
6
123120
357
22
4
227
54
39
4
4
11
400
150
250
80
15
30
240
15
50
12
3000
375
920
8
630
33
60
14
30
12
15
9474
240
54
42
705
5
39
15
7
120
250
160
7
97
15
2
12
9
42
20
8
1360
115
16
22
14
98
320
225
140
33
6
4
40
600
3
34
85
33
34
3
3
10
2100
62
75
15
8
10
30
21
57
7680
5200
80
180
16
1200
10
18
26
1244
90
4
480
300
85
3
19
15600
2
4500
72
21
53
250
2
10
20
64
400
50
27
45
1350
60
8
55
60
852
250
8
5
44
26
10
325
54
156
1
315
4800
1,000,000
30
40
5
51
2
9
12
40
310
25
56
4,000
150
222
1500
35
160
10
404
16
45
16
120
15
14
16
2304
35
400
15
50
4
60
3
4
100
6
12
325
9
240
40
7
40
450
45
8
108
3
20
20
1500
32
407
32
120
30
11
110
29
12
10
12
288
45
4
24
420
143
18
6
2
60
5
180
1085
95
2
76
5
4
37
9
63
72
7520
27
47
81
200
31
55
54,000
1
190
74
16
6
255
116
18
100
195
36
208
4
50
700
11
7
25
70
20
54
352
45
15
40
28
15
49
51
25
290
50
24
180
24
45
20
25
3
21
20
3
72
8
20
285
79
13
36
40
20
180
6
62
150
9
100
10
2
78
1
3500000
7
305
105
5
8
2
7
10
11
74
120
300
234
84
2
102
42
40
12
45
600
4500
400
77
90
14
338
4
18
10
584
121
120
9724
52
63
2
150
2900
1520
92
60
33
130
4
10
450
345
90
21
100
95
8
1
5
1274
17
12
96
7200
30
64
21
80
15
20
125
54
88
144
13
1200
8
350
19
700
22
56
27
4
42
6318
2
108
90
59,616
5
350
90
500
3
248
3
10800
3
20
3450
147
46
5
25
50
5
11
4
40
117
20
30
3
15
500
63
750
6
4
88
6
675000
7
100
10
7
3
120
6
26
132
40
72
1
57
20
8
15
125
24
2
1
48
12
6
3
10
40
790
5
140
216
3
5
54
4680
49
3
6
190
240
120
12
15
45
8
2
50
8
630
29
900
88
2700
10
45
5
16000
45
2,250
40
108
1,152
18
258
5
162
57
4
828
15400
15
25
60
800
105
460
55
36
160
28
6000
95
20
6
44
1400
3600
21
7000
128
170
80
300
23
42
1980
39
129
1050
8
21
11
360
15
60
26
8
160
3000
70
11
25
28
22
72
11
21
20
96
10
32
70
800
7600
17
18
10000
600
8000
1500
85
18
210
2
3000
90
100
135
24
15
192000000
477
25
3
33
12
6
130
6
11
120
35
30
12
36
99
20
4
2
21
4
28
20
4
20
9800
33
19
13
8100
2250
2
6
500
600
6
150
5250
625
438
20
55
6
6
8
330
5000
2400
148
134400
3600
95
5
99
36
11
16
240
768
300
2
2
43
96
4
6
7
155
39
5
300
10
72
125000
64
40
2870
20
22
7
12
50
9
2900
6600
120
18
237
141
76
400
2000
93
44
3
17
231
15
7
13
1400
1210
29
88
83200
1920
60
15
200
4
616
204
210,000
136
95
60
8
70
1230
59
215
26
5
119
650
30
2215
48
25
12
100
560
17
3
17
1,800
18
60
108
90
6
25
100
220000
54
144
3
21
146
10
200
310
50
30,000
140
100
14
20
24
45
8
60
42
97
21
3
20
17
300
4
1
165
4
117
225
6
100
288
3000
48
12
12
34
20
36
20
19
24
35,200
21
360
31
94
31
300
123
2200
270
230
1670
110
18300
16
29
57
24
378
4
80
25
84
1000
88
1
4096
815
24
160
36
20
2
11
11
130
17
1124
2475
3
12
120
8
37
65
20
2
4500
15
20
20
110
8
37
72
4
250
120
18400
6
7
5
9,450
250
905
130
170
120
90
58
29
67
36
19
12
9
42
56
23
7
40
16
550
52
18
355
2700
3
33
-12
60
45
9
113
180
49
50
1500
63
1200
35
300
11
840
20800
4
252
3
3214
240
90
56
1040
16
1056
60
6
7
175
110
3
100
8
8000
7
24
14
672
2400
28
18
2000
4
160
4
1000
80
294
12
13
2934
3
35
45
24
12
100
5
46
325,000
525
15
760000
6
7
20
216
400
200
33
165,000
5
84
8800
150
12
6
8
6
56
9
7
66
12
20
62
2756
2
72
33
60
4
240
12,000
12
11
8640
2280
60
84
39
250000
20
47
895
60
245
500
3,000
336
4
1670
6240
9
2928
440
400
3
15
8
63
280
60
7
315
21
266
15
134
10
46
40
500
4
1500
16
200
11
230
660
7
900
69
96
4
3
7
1,575,000
11
29
1680
35
10
86
2
100
37
60
5
36
50
10
1050
120
35
32400
13
27
14
13
18
36
3000
1020
4
146
97
2600
6
180
8
60
25550
320
28
38
50
460
22
39
4
2500
22
39
9
3
61
18
6
3
3
146
405
4
147
15
1360
126
24500
60
24
24
7060
30
150
27
64
1800
93
220
51
4
195
25
30
20
36000
25
117
120
234
70
232
3
35
30
30
240
12
2400
360
10
6
240
5
328
4
10
1145
13
1
20
47
55
75
330
17
39
7200
6
245
6
15
25
7
200
9
5
260
5
8
36
6
54
15
72
6000
18
400
15
150
9400
3500
72
48
135
42
12000
108
48
70
3
71
208000
420
180
78
32
9000
3
31
10
89
220
49200
7
10
2
48
48
39
25
27
700
50
450
525
60
18
80
1050
18
189
30
142
86
50
312
46
1330
18
4
27
264
2
31
46
115
5
500
18
35
55
13
28
9
40
6
36
26
85
18
49
8
2
35
258
10
48
1340
10
18
42
56
6
70
61
35
20
160
33
5
86
19200
295
92
2,500
140
13
110
115
25
3600
800
380
4
20
650
55
50
1
2
135
28
2
16
240
2000
42
480
21
240
12
19200
8
56
6
18
290
96
401
15
4
60
76
220
400
2800
4
160
64
13
12
11
12
8
198
475
6
32
37
24
11
4
1500
300
482
200
6
336
3200
20
2
750
24
12
21
1563
650
27
5
20
27
84
50
21
2000
14
18
30
20
350
20
680
60
570
4
31250
18
275
40
11
220
2
60
57
121
96
40
51
600
40
7
26
18
2
39
4
15
845,640
31
85
44
110
135
558
5
3
80
32
32
36
30
6
2
30
14
14
2340
1000
4
384
15
10
10
210
27
2000
70
12
21
33
60
2600
58
4500
18
12
83
7
3
2
300
14
30
1000
4000
6
1600
86
800
868000
400
250
4
3
48
24,960
25
212
600
5
52
502
400
10
23
20
75
5950
186
10
49
8
700
31840
513
16
25
1980
36
58
150
70
8
30
15
150
2089
16
74
8
56
16
25
63
260
24
369
44
1050
20
17
126
10
90
60
258
155
6
48
49
10
164
30
84
96
297
40
42
50
8
16
26
2000
95
15
3
10
62
195
10
240
145
399
136
70
220
390
168
40
6
39
28
21
200
24
123
75
300
24
150
60
132
12
11
17
18
5
3
2
32
30
42
30
57
70
70
14
400
11
320
65
24
20
35
100
24
22000
9
70
46
2
1890
40
4
1200
1825
20
197
3
116
320
12
1
16
40
14
30
12
400
192
10
350
9
18
770
75
4,096
1
12
90
24
8
50
3
250
112
100
586
202
22
12500
15
53
116
42
10
15
28
300
51700
40
63
32
25
17
3
38
180
32
66
100
8
770
120
20
30
49
4
59
675
16
100
18
32
60
250
6
22
169
12
33
41
600
2
325
7
90000
4
1200
44
7
3
770
4
16
40
9
1300
71
63
30
9
9
49
9
7
4
18
39
42
390
22
5
9
113
1400
15
25
5
85
45
100
32
17
60
21
20
3
54
18
270
160
104
160
8
377050
10
7
46
33
1400
15
150
9,240
20
48
19
112
72
340
40
51
80
20
480
11
250
2
70
200
34
5400
8
10
630
6
4000
74
36
110
72
50
26
80
116
825
18
108
21
12
4
15
40
35
200
19
14
120
38
42
164
13
3
5
3840
24
832
80
2000
640
11
10000
22
30
280
126
35
26
130
552
796
10
6
10
2
68000
13000
43
2500
60
15
1260
25
35
30
485
88
2280
1
100
250
48000
110
60
4
17
28
51
67
18
24
14
12
4
136
100
80
30
84
2
1500
4800
16
1500
3
36
5
6
432
9
20
12
32
32
11
50
200
8
24
9
9600
2
36
51
540
100
16000
84
20
33
3600000
30
660
112
58
1250
504
5
41
4
650
360
319
45
51
9
21
42
195
4
4
9
9
11880
300
180
6
160
5
25
6600
32
13
1158
25
322
4
2
120
77
60
6716
8
30
41
528
22
8
17
20
8
72
204
60
4104
11860
75
11
240
150
1500
14
4
326
1555
35
90
80
4
15
4
125
12
5500
168
3000
15
72
11
3
3750000
60
159
82
125
450
48
9
20
15
20
68
91
1890
12
35
3
200
105
16
18
100000
170
150
17
5
13
9
50
8
50
27
15
157
9
800
15
13
3
6
2
550
63
16
60
4455
50
125
50
2000
620
3240
240
25
82
9
35
83
120
900
6
4
75
14
195
390
840
2040
1350
16
5
16
72
305
8
60
4625
400
48
28
60
960
630
5
10000
570
3900
26
61
96
220
50000
3000
290
50
19
850,000
156
150
39
14
196
28
6
38000
605
271
100
1320
28
